기간	자치구	동	한식 음식점업	용달 및 개별 화물 자동차 운송업	부동산 중개 및 대리업	의복소매업	생맥주 전문점 및 기타 주점업	두발미용업	슈퍼마켓 및 기타 음·식료품 위주 종합 소매업	김밥 및 기타 간이 음식점 및 간이음식 포장 판매업	커피 전문점 및 기타 비알콜 음료점업	가정용 세탁업	노래연습장 운영업	체인화 편의점	치킨전문점	자동차 전문 수리업	채소 과실 및 뿌리작물 소매업	육류소매업	중식음식점업	당구장 운영업	제과점업	컴퓨터 게임방 운영업
2018	합계	합계	46,970	37,228	23,226	22,046	16,135	18,005	8,378	10,029	17,891	6,245	6,609	8,560	5,067	3,660	3,285	3,611	4,534	2,623	4,171	1,907
2018	종로구	소계	2,344	640	544	682	671	257	379	436	1,168	122	127	281	131	36	69	59	189	100	155	46
2018	종로구	사직동	329	13	55	43	89	25	32	40	158	12	12	26	12	4	5	2	27	10	16	1
2018	종로구	삼청동	56	7	9	51	4	-	9	18	76	1	-	5	1	-	-	-	2	-	9	-
2018	종로구	부암동	31	14	18	13	9	8	8	9	32	10	1	12	1	6	-	-	5	1	5	1
2018	종로구	평창동	47	18	31	15	21	19	11	12	19	8	2	10	3	4	2	7	5	3	5	2
2018	종로구	무악동	9	376	9	1	-	8	5	3	5	4	1	3	4	2	2	1	1	-	3	1
2018	종로구	교남동	22	15	24	8	2	10	8	9	15	9	1	12	4	1	2	-	4	1	5	1
2018	종로구	가회동	75	9	16	29	10	8	10	20	57	3	4	7	4	1	3	2	2	2	13	-
2018	종로구	종로1.2.3.4가동	896	12	113	254	302	38	120	119	400	18	47	88	29	8	22	6	63	39	34	9
2018	종로구	종로5·6가동	268	14	73	91	37	16	49	55	86	5	10	21	14	2	5	8	13	12	7	1
2018	종로구	이화동	98	16	14	20	32	7	14	23	88	4	3	16	5	3	-	2	10	3	15	2
2018	종로구	창신1동	99	9	34	56	19	13	25	19	18	4	8	8	10	-	3	6	15	7	4	7
2018	종로구	창신2동	62	29	14	11	12	18	20	12	9	7	5	2	3	-	5	5	5	3	3	2
2018	종로구	창신3동	12	23	15	-	-	11	4	3	6	4	-	3	3	1	3	3	1	-	2	-
2018	종로구	숭인1동	19	20	15	4	5	12	9	4	4	4	-	6	3	1	1	-	1	1	1	1
2018	종로구	숭인2동	91	27	29	23	27	19	21	21	23	8	15	22	9	-	5	5	8	8	5	5
2018	종로구	청운효자동	66	15	28	29	13	13	18	21	63	5	1	10	3	1	8	7	6	-	18	1
2018	종로구	혜화동	164	23	47	34	89	32	16	48	109	16	17	30	23	2	3	5	21	10	10	12
2018	중구	소계	2,328	372	577	2,825	458	326	509	430	960	93	136	356	128	31	85	69	198	104	156	30
2018	중구	소공동	270	5	19	384	27	19	30	33	147	3	4	39	8	-	2	-	28	8	27	1
2018	중구	회현동	232	3	19	839	23	19	93	51	122	9	11	38	9	2	7	4	26	6	23	1
2018	중구	명동	439	2	87	226	70	57	68	94	260	6	10	71	16	-	3	1	51	14	31	2
2018	중구	필동	162	6	30	4	56	14	18	27	75	4	18	27	6	2	1	1	13	7	8	7
2018	중구	장충동	65	8	10	9	10	7	5	7	21	3	2	14	5	-	1	1	5	3	8	1
2018	중구	광희동	281	22	61	1,090	48	13	64	56	93	6	10	40	11	4	20	8	19	12	16	1
2018	중구	을지로동	240	8	52	72	62	8	56	30	83	4	10	27	7	1	2	-	17	19	3	-
2018	중구	신당5동	99	36	29	28	37	24	11	12	12	6	9	7	10	3	4	5	4	3	3	5
2018	중구	황학동	148	33	34	36	19	23	30	24	12	5	7	14	7	2	22	19	2	5	2	-
2018	중구	중림동	86	26	26	2	23	20	16	13	33	6	6	11	8	2	6	5	5	4	7	1
2018	중구	신당동	109	20	98	56	26	26	67	45	43	7	19	26	13	4	4	2	18	7	9	1
2018	중구	다산동	78	69	23	23	26	18	21	17	22	11	17	15	8	7	3	4	4	5	6	1
2018	중구	약수동	49	42	38	25	10	34	12	11	12	11	6	11	8	3	3	8	-	3	7	4
2018	중구	청구동	25	54	23	15	13	19	9	4	11	7	3	6	5	-	3	3	2	3	3	2
2018	중구	동화동	45	38	28	16	8	25	9	6	14	5	4	10	7	1	4	8	4	5	3	3
2018	용산구	소계	1,374	566	767	712	543	372	293	291	697	141	95	251	117	94	66	77	125	44	165	30
2018	용산구	후암동	65	61	41	18	14	24	21	14	34	9	3	14	9	5	6	9	6	2	6	2
2018	용산구	용산2가동	27	35	23	4	29	18	12	10	37	6	1	13	5	1	5	5	3	1	9	1
2018	용산구	남영동	183	9	23	98	45	16	22	35	56	4	19	35	10	6	3	1	18	12	18	7
2018	용산구	원효로2동	47	61	28	14	13	19	18	10	12	7	5	11	5	13	2	5	8	3	3	1
2018	용산구	효창동	21	29	14	4	2	7	10	4	15	4	-	6	1	2	-	-	1	-	3	-
2018	용산구	용문동	50	44	25	17	18	28	9	11	13	7	7	4	12	2	12	13	-	1	3	2
2018	용산구	이촌1동	51	9	56	61	17	31	16	21	18	9	2	10	5	1	10	11	8	1	16	2
2018	용산구	이촌2동	9	48	27	3	-	8	4	2	6	4	-	4	4	8	4	2	1	-	2	-
2018	용산구	이태원1동	96	10	29	233	145	14	12	15	56	7	5	17	7	5	-	1	13	3	12	-
2018	용산구	이태원2동	47	20	34	17	54	15	9	9	67	8	3	13	3	-	4	3	4	-	18	1
2018	용산구	서빙고동	20	28	18	15	1	11	13	5	11	2	-	6	1	5	-	1	3	-	2	-
2018	용산구	보광동	76	47	61	21	22	39	24	15	18	12	5	9	15	5	4	4	4	4	5	2
2018	용산구	청파동	109	68	64	16	44	51	30	53	62	18	10	22	13	11	7	10	7	3	15	7
2018	용산구	원효로1동	133	39	66	12	35	22	13	23	50	12	9	18	9	8	3	2	13	3	8	3
2018	용산구	한강로동	294	17	161	101	44	39	48	42	141	19	16	47	7	13	3	4	21	9	19	-
2018	용산구	한남동	146	41	97	78	60	30	32	22	101	13	10	22	11	9	3	6	15	2	26	2
2018	성동구	소계	1,531	1,232	764	399	373	487	269	291	547	194	162	256	156	208	64	127	112	85	107	50
2018	성동구	왕십리2동	38	63	38	14	9	25	12	7	9	10	3	8	10	-	5	3	3	2	2	3
2018	성동구	마장동	118	100	34	3	24	26	35	15	19	12	6	11	6	15	4	39	6	9	4	2
2018	성동구	사근동	125	37	36	8	64	23	13	37	68	11	19	27	17	-	1	4	20	13	3	13
2018	성동구	행당1동	122	53	44	93	16	37	17	26	38	13	11	15	13	2	7	14	9	5	16	2
2018	성동구	행당2동	16	58	28	20	-	26	5	12	13	11	2	6	8	1	1	4	2	-	5	-
2018	성동구	응봉동	11	51	13	5	5	13	9	6	8	9	1	2	4	4	-	1	1	1	1	1
2018	성동구	금호1가동	25	47	28	5	8	25	8	8	16	9	1	4	3	3	1	4	2	2	3	2
2018	성동구	금호4가동	48	36	36	20	23	26	6	8	11	8	9	9	7	2	3	3	3	2	5	4
2018	성동구	성수1가1동	56	60	54	12	11	24	11	10	25	9	10	18	5	7	-	1	5	3	6	1
2018	성동구	성수1가2동	151	80	56	25	20	26	11	21	82	9	13	22	10	12	3	6	8	7	8	2
2018	성동구	성수2가1동	149	84	45	47	40	34	22	33	52	18	19	20	9	27	9	4	11	7	8	3
2018	성동구	성수2가3동	225	277	85	27	27	15	30	21	79	8	25	45	11	42	2	3	17	14	9	4
2018	성동구	송정동	29	56	19	6	6	19	9	8	4	9	4	7	4	6	4	3	2	3	3	1
2018	성동구	용답동	116	56	30	26	37	29	35	20	26	10	14	15	9	76	9	7	6	6	3	4
2018	성동구	왕십리도선동	174	67	108	40	52	55	23	30	49	16	16	26	17	7	8	10	9	6	14	5
2018	성동구	금호2.3가동	92	80	50	37	24	55	15	19	25	16	6	12	17	-	6	12	4	4	5	2
2018	성동구	옥수동	36	27	60	11	7	29	8	10	23	16	3	9	6	4	1	9	4	1	12	1
2018	광진구	소계	1,661	1,215	861	587	764	752	270	375	592	262	375	329	183	103	109	135	198	104	162	93
2018	광진구	화양동	269	38	76	51	229	78	20	43	123	25	82	53	22	3	9	7	22	20	23	12
2018	광진구	군자동	108	61	50	23	54	49	17	32	48	18	21	20	16	8	3	12	11	7	8	6
2018	광진구	중곡1동	102	66	50	17	48	43	21	23	26	11	20	14	11	16	16	12	4	6	6	6
2018	광진구	중곡2동	95	94	64	25	37	60	18	21	28	18	23	20	7	10	4	7	6	3	10	3
2018	광진구	중곡3동	69	73	47	24	51	51	13	22	25	15	18	18	7	8	3	6	6	4	7	7
2018	광진구	중곡4동	86	149	43	50	34	53	23	25	28	20	18	18	4	2	10	12	6	7	9	6
2018	광진구	능동	53	26	27	12	30	12	11	11	20	5	20	20	6	3	-	3	-	5	9	3
2018	광진구	구의1동	156	73	86	39	74	56	14	27	40	22	47	26	21	4	5	6	11	11	11	9
2018	광진구	구의2동	91	130	52	27	29	40	15	26	28	17	11	15	12	4	2	10	6	3	12	6
2018	광진구	구의3동	147	57	67	88	31	57	34	28	51	22	19	22	16	7	1	5	11	7	19	8
2018	광진구	광장동	73	29	64	20	20	36	20	26	39	15	6	21	12	5	3	7	4	4	14	1
2018	광진구	자양1동	139	88	60	60	26	65	17	25	28	15	21	21	10	10	24	20	12	9	6	10
2018	광진구	자양2동	66	132	49	13	38	52	17	19	22	24	18	20	9	10	5	5	5	3	7	3
2018	광진구	자양3동	73	104	65	64	13	41	12	21	41	18	3	20	8	5	2	7	7	3	16	2
2018	광진구	자양4동	134	95	61	74	50	59	18	26	45	17	48	21	22	8	22	16	87	12	5	11
2018	동대문구	소계	1,940	1,742	795	715	608	627	422	411	532	241	223	339	197	251	622	211	159	105	114	90
2018	동대문구	회기동	120	25	23	42	61	31	13	34	53	8	24	19	11	1	2	1	23	8	12	10
2018	동대문구	휘경1동	79	40	35	17	22	27	21	20	23	12	9	14	10	4	6	9	5	2	5	4
2018	동대문구	휘경2동	36	444	37	4	8	25	13	14	24	15	4	18	12	3	2	5	2	5	5	3
2018	동대문구	청량리동	149	86	44	35	38	47	42	27	25	15	18	12	15	5	21	10	8	9	5	7
2018	동대문구	용신동	347	105	109	77	59	49	66	47	86	27	25	47	16	24	23	14	24	14	10	6
2018	동대문구	제기동	228	102	68	32	83	39	84	34	44	16	6	25	18	27	516	77	21	3	10	6
2018	동대문구	전농1동	153	111	80	223	53	67	28	45	49	18	19	33	18	17	12	21	6	7	12	7
2018	동대문구	전농2동	37	88	20	11	14	32	14	19	20	13	8	12	8	3	2	2	7	4	5	2
2018	동대문구	답십리1동	79	94	70	28	20	32	15	16	23	10	14	21	10	8	1	5	3	5	6	5
2018	동대문구	답십리2동	97	144	57	27	31	43	25	20	16	17	13	18	8	26	12	14	7	6	7	8
2018	동대문구	장안1동	245	185	100	67	75	76	33	44	49	35	31	46	21	100	9	20	18	16	11	12
2018	동대문구	장안2동	226	146	63	132	66	83	37	44	45	29	31	32	21	21	6	20	14	19	13	6
2018	동대문구	이문1동	112	95	57	13	61	52	22	39	62	17	15	29	23	9	7	5	18	6	9	13
2018	동대문구	이문2동	32	77	32	7	17	24	9	8	13	9	6	13	6	3	3	8	3	1	4	1
2018	중랑구	소계	1,796	2,643	697	622	653	784	372	358	369	255	371	258	183	167	131	179	96	118	105	88
2018	중랑구	면목2동	129	164	43	35	38	58	27	22	20	20	21	19	10	11	9	15	6	8	8	3
2018	중랑구	면목4동	59	121	35	11	25	35	18	7	14	15	9	11	3	7	3	3	4	5	3	2
2018	중랑구	면목5동	41	107	14	13	13	22	9	9	4	7	5	5	6	9	-	2	3	4	-	3
2018	중랑구	면목7동	99	112	44	40	38	49	20	20	15	10	22	12	13	11	23	15	3	7	7	3
2018	중랑구	상봉1동	31	114	31	72	11	41	21	16	30	16	10	16	6	7	2	5	5	4	6	3
2018	중랑구	상봉2동	246	71	59	60	91	37	22	27	38	18	67	28	17	21	3	5	9	16	3	15
2018	중랑구	중화1동	41	117	37	20	8	44	18	14	15	10	6	15	5	2	3	6	-	-	1	-
2018	중랑구	중화2동	181	167	44	50	82	61	38	30	25	14	43	15	20	14	24	20	8	13	8	11
2018	중랑구	묵1동	104	155	55	41	32	53	22	30	32	22	19	20	8	7	5	10	4	5	8	3
2018	중랑구	묵2동	96	453	44	35	39	45	19	20	14	15	26	14	11	16	3	8	9	9	3	5
2018	중랑구	망우3동	59	114	24	11	17	37	21	11	12	10	5	10	4	12	3	7	6	1	3	1
2018	중랑구	신내1동	108	249	39	24	34	53	21	18	30	17	15	16	23	10	2	6	9	6	11	6
2018	중랑구	신내2동	49	96	30	39	14	32	11	17	16	13	1	6	8	2	3	11	3	2	8	1
2018	중랑구	면목본동	173	204	82	55	72	74	43	37	32	29	29	26	17	6	16	24	7	8	15	8
2018	중랑구	면목3.8동	172	160	55	55	72	67	26	38	30	14	50	17	16	11	13	13	8	18	8	13
2018	중랑구	망우본동	208	239	61	61	67	76	36	42	42	25	43	28	16	21	19	29	12	12	13	11
2018	성북구	소계	1,584	1,219	804	539	602	749	342	416	621	265	185	295	202	140	105	165	127	90	144	77
2018	성북구	돈암1동	10	50	17	6	4	10	6	4	8	8	1	5	2	1	-	7	1	-	2	1
2018	성북구	돈암2동	11	30	29	10	1	14	5	7	8	9	-	3	5	-	1	3	1	-	2	-
2018	성북구	안암동	116	35	36	11	63	40	18	32	94	9	17	39	11	5	-	1	18	9	13	15
2018	성북구	보문동	78	49	43	18	26	32	17	11	16	13	5	16	6	12	5	7	5	2	5	3
2018	성북구	정릉1동	41	31	29	7	11	28	10	12	14	10	4	12	9	8	1	5	3	2	4	1
2018	성북구	정릉2동	57	87	32	12	14	29	13	13	13	11	8	11	11	6	2	5	4	4	5	5
2018	성북구	정릉3동	59	42	14	5	20	25	13	13	21	6	4	16	11	6	2	4	10	7	3	2
2018	성북구	정릉4동	61	55	35	8	17	29	23	9	14	17	6	12	14	1	3	10	2	7	6	4
2018	성북구	길음1동	50	63	54	37	54	42	17	30	27	13	9	7	8	-	12	14	3	3	12	3
2018	성북구	길음2동	53	24	32	85	12	28	9	13	20	8	3	8	6	4	2	4	6	1	9	2
2018	성북구	월곡1동	65	92	39	23	10	40	25	19	18	16	10	12	15	12	10	9	6	2	9	1
2018	성북구	월곡2동	115	73	32	33	29	49	16	34	47	16	21	21	12	15	7	15	6	6	10	6
2018	성북구	장위1동	53	94	33	19	24	30	22	14	11	20	7	12	5	5	2	7	4	3	2	5
2018	성북구	장위2동	83	56	56	28	48	35	28	15	10	8	9	5	11	11	14	15	3	4	2	2
2018	성북구	장위3동	29	45	18	10	8	12	8	6	5	6	-	3	2	9	1	2	4	-	3	1
2018	성북구	성북동	79	20	36	39	16	29	12	12	62	10	2	18	7	9	4	6	5	1	14	2
2018	성북구	삼선동	172	60	58	41	64	57	32	44	61	18	18	20	15	6	12	16	12	12	9	2
2018	성북구	동선동	154	23	69	77	90	87	16	66	102	17	30	30	17	5	5	4	17	10	18	6
2018	성북구	종암동	128	143	67	35	32	62	24	34	39	27	17	25	15	11	11	15	9	6	9	9
2018	성북구	석관동	170	147	75	35	59	71	28	28	31	23	14	20	20	14	11	16	8	11	7	7
2018	강북구	소계	1,545	1,311	586	431	633	683	288	273	358	215	303	240	159	129	118	149	92	92	97	65
2018	강북구	번1동	130	68	60	31	66	59	27	32	38	17	35	29	9	5	6	9	7	6	5	5
2018	강북구	번2동	28	107	11	1	8	21	16	8	9	10	4	5	4	10	3	3	2	4	3	2
2018	강북구	번3동	33	86	13	4	10	24	13	8	14	9	3	8	7	5	3	6	2	2	4	2
2018	강북구	수유1동	125	93	37	75	24	45	16	27	24	12	12	15	8	10	29	21	8	8	3	8
2018	강북구	수유2동	80	109	41	22	29	56	19	16	12	17	16	16	12	11	6	11	4	6	5	5
2018	강북구	수유3동	282	83	79	63	168	81	30	37	54	21	113	28	25	17	14	18	13	18	14	16
2018	강북구	삼양동	50	142	32	22	18	53	26	13	8	17	12	13	11	3	4	7	4	5	5	7
2018	강북구	미아동	148	78	69	42	63	82	23	27	36	20	24	31	15	9	10	7	5	12	16	7
2018	강북구	송중동	189	89	62	64	83	73	26	27	35	22	34	20	21	16	10	14	14	10	17	5
2018	강북구	송천동	192	100	73	33	74	76	31	25	27	24	18	22	16	24	12	14	13	10	5	1
2018	강북구	삼각산동	43	94	47	17	13	29	11	18	17	13	5	8	9	-	4	9	3	1	6	3
2018	강북구	우이동	158	93	21	30	48	23	23	11	47	9	17	19	12	10	5	12	7	6	7	1
2018	강북구	인수동	87	169	41	27	29	61	27	24	37	24	10	26	10	9	12	18	10	4	7	3
2018	도봉구	소계	1,125	1,855	505	386	343	574	238	251	287	203	190	203	175	118	99	121	81	85	102	64
2018	도봉구	쌍문1동	32	92	21	7	8	31	20	15	27	15	3	14	12	4	3	8	5	4	6	1
2018	도봉구	쌍문2동	70	107	30	33	25	52	15	27	19	15	16	13	11	8	3	6	6	7	8	10
2018	도봉구	쌍문3동	60	65	38	32	18	33	18	15	17	10	6	13	12	11	11	13	6	2	5	3
2018	도봉구	쌍문4동	12	73	16	19	2	28	11	16	7	11	1	9	5	1	2	6	2	-	1	2
2018	도봉구	방학1동	211	120	76	79	72	74	29	30	35	20	50	22	30	18	13	10	13	20	17	14
2018	도봉구	방학2동	75	107	17	32	11	53	22	21	14	14	10	12	10	8	22	13	6	5	6	3
2018	도봉구	방학3동	39	127	21	11	5	17	11	9	16	13	5	9	11	7	2	3	1	4	4	-
2018	도봉구	창1동	66	497	47	28	16	40	16	15	17	15	13	15	6	9	4	9	3	4	9	4
2018	도봉구	창2동	68	165	40	39	19	61	18	14	17	24	7	20	19	9	9	16	7	6	9	8
2018	도봉구	창3동	66	82	26	18	32	32	10	16	13	12	12	9	9	11	7	9	3	4	5	-
2018	도봉구	창4동	65	77	37	21	28	26	13	24	13	11	15	15	14	2	3	1	5	5	10	5
2018	도봉구	창5동	85	85	47	28	27	42	13	19	40	14	18	17	14	8	3	10	10	10	11	7
2018	도봉구	도봉1동	193	132	48	22	46	44	28	19	26	14	27	22	12	13	8	12	9	11	4	5
2018	도봉구	도봉2동	83	126	41	17	34	41	14	11	26	15	7	13	10	9	9	5	5	3	7	2
2018	노원구	소계	1,555	2,165	714	962	458	772	303	408	555	258	282	295	261	131	85	156	115	107	157	81
2018	노원구	월계1동	132	138	40	13	38	37	15	37	40	13	32	29	18	10	4	8	8	14	8	10
2018	노원구	월계2동	21	152	17	9	5	24	12	13	16	9	2	15	9	1	2	8	3	-	4	-
2018	노원구	월계3동	32	166	33	37	2	28	13	15	15	13	2	10	9	1	3	6	3	-	10	1
2018	노원구	공릉2동	103	185	64	17	26	60	19	38	70	21	27	32	25	5	2	11	7	11	21	12
2018	노원구	하계1동	80	79	20	101	13	22	13	19	25	12	4	14	12	14	1	7	8	2	5	2
2018	노원구	하계2동	16	76	16	2	2	16	6	8	2	7	-	5	5	-	1	2	-	-	2	2
2018	노원구	중계본동	51	78	37	20	19	31	16	27	34	16	6	10	18	6	2	6	6	4	4	5
2018	노원구	중계1동	31	60	36	18	9	36	14	27	24	14	4	10	7	6	1	8	2	1	9	2
2018	노원구	중계4동	101	81	21	42	36	29	16	25	23	6	25	9	17	4	2	5	4	7	5	5
2018	노원구	상계1동	163	153	61	24	51	70	23	24	47	21	32	23	24	20	1	16	9	10	8	8
2018	노원구	상계2동	225	70	64	289	97	87	23	49	71	23	59	23	27	18	8	16	15	17	18	9
2018	노원구	상계5동	88	144	53	30	26	67	23	26	24	16	16	16	14	13	9	10	5	8	9	7
2018	노원구	상계8동	20	54	16	17	7	16	6	5	7	8	4	5	2	1	3	4	3	-	4	1
2018	노원구	상계9동	22	85	24	21	6	21	9	8	7	8	2	5	7	-	4	5	2	1	2	1
2018	노원구	상계10동	6	53	12	8	2	11	7	3	7	4	2	4	2	-	-	-	2	1	1	1
2018	노원구	상계3.4동	87	155	40	18	35	42	24	14	19	16	17	11	10	4	13	10	4	9	5	3
2018	노원구	상계6.7동	114	87	58	20	18	53	18	22	32	15	20	24	21	2	10	9	13	8	12	6
2018	노원구	중계2.3동	49	141	23	226	13	37	22	20	20	12	2	8	12	1	1	9	10	1	13	-
2018	노원구	공릉1동	214	208	79	50	53	85	24	28	72	24	26	42	22	25	18	16	11	13	17	6
2018	은평구	소계	1,615	2,045	1,129	756	618	928	335	405	487	273	253	311	239	128	180	197	116	111	162	72
2018	은평구	녹번동	125	322	96	9	32	58	24	18	35	17	16	29	16	18	3	8	7	8	8	7
2018	은평구	불광1동	108	102	103	36	37	67	21	40	35	22	20	21	22	1	11	10	7	6	13	4
2018	은평구	갈현1동	152	88	69	28	74	60	26	24	35	18	39	17	19	3	8	14	13	15	12	8
2018	은평구	갈현2동	133	111	53	58	61	69	27	35	38	13	29	26	15	6	10	18	6	11	7	7
2018	은평구	구산동	39	192	43	16	12	52	20	23	18	18	3	21	11	10	3	8	4	2	9	-
2018	은평구	대조동	194	107	139	249	70	80	31	52	60	21	25	31	21	7	64	20	13	9	18	5
2018	은평구	응암1동	95	110	83	49	33	56	15	23	37	15	14	21	13	4	8	8	8	6	7	3
2018	은평구	응암2동	38	70	48	8	14	28	9	7	11	9	9	7	5	4	3	7	2	4	3	-
2018	은평구	신사1동	57	144	64	27	22	63	18	18	22	19	19	16	9	9	5	12	7	6	6	10
2018	은평구	신사2동	30	113	32	10	8	35	14	16	14	16	1	10	13	6	4	8	3	1	5	-
2018	은평구	증산동	71	95	40	12	24	34	17	14	13	10	6	14	7	7	6	9	5	7	8	3
2018	은평구	수색동	40	52	49	9	23	15	11	4	7	5	3	-	4	2	3	6	4	1	2	-
2018	은평구	진관동	116	94	94	95	15	57	27	42	65	26	4	29	22	2	4	17	13	3	26	3
2018	은평구	불광2동	103	104	51	37	35	67	23	19	16	16	6	15	13	9	21	17	3	4	6	4
2018	은평구	응암3동	161	100	56	72	76	72	22	34	28	22	35	21	28	15	17	19	8	15	13	9
2018	은평구	역촌동	153	241	109	41	82	115	30	36	53	26	24	33	21	25	10	16	13	13	19	9
2018	서대문구	소계	1,349	967	667	419	562	594	266	356	623	183	151	272	179	92	123	113	126	72	139	51
2018	서대문구	천연동	70	34	34	24	26	26	14	31	20	11	6	10	12	3	11	9	4	3	5	1
2018	서대문구	홍제1동	72	78	42	19	21	44	16	16	25	14	14	15	10	5	5	6	3	2	8	3
2018	서대문구	홍제3동	109	77	27	29	32	31	21	21	21	10	11	11	13	5	57	21	5	7	7	1
2018	서대문구	홍제2동	37	34	31	12	13	20	5	8	8	9	8	5	4	-	1	4	3	3	3	5
2018	서대문구	홍은1동	51	79	35	19	16	38	17	14	18	12	3	10	11	4	9	9	3	3	7	2
2018	서대문구	홍은2동	73	103	30	15	28	28	21	24	32	13	6	19	8	13	-	5	5	7	8	7
2018	서대문구	남가좌1동	61	36	32	34	18	13	17	12	11	4	4	7	5	-	18	12	2	3	5	1
2018	서대문구	남가좌2동	91	76	62	23	31	53	17	24	36	12	19	17	22	11	4	15	10	7	10	3
2018	서대문구	북가좌1동	24	58	27	5	4	19	6	6	9	8	-	11	9	6	1	2	-	2	7	1
2018	서대문구	북가좌2동	86	164	77	20	46	77	19	24	29	25	14	29	22	11	-	11	8	10	13	8
2018	서대문구	충현동	178	54	48	8	44	28	21	33	79	14	10	27	3	5	4	2	10	6	5	4
2018	서대문구	북아현동	39	34	76	12	17	17	22	8	14	11	3	6	4	2	4	2	3	1	5	-
2018	서대문구	신촌동	340	26	81	149	218	134	39	97	230	15	45	71	39	1	2	8	49	15	36	13
2018	서대문구	연희동	118	114	65	50	48	66	31	38	91	25	8	34	17	26	7	7	21	3	20	2
2018	마포구	소계	2,392	1,014	1,111	807	1,197	895	288	500	1,493	247	239	467	254	111	116	121	258	93	318	57
2018	마포구	용강동	160	33	74	12	58	27	16	24	54	17	24	22	7	8	2	8	11	9	10	1
2018	마포구	대흥동	108	28	73	13	34	40	14	31	59	7	10	31	16	6	5	6	10	3	12	6
2018	마포구	염리동	46	28	29	15	18	25	11	19	28	7	7	9	8	4	6	4	4	1	10	-
2018	마포구	신수동	64	55	52	4	12	29	16	17	29	13	3	14	13	7	3	5	9	2	10	-
2018	마포구	서교동	617	45	164	420	499	259	39	111	502	20	84	108	57	8	4	11	72	27	94	20
2018	마포구	합정동	136	72	69	27	81	54	10	21	111	16	13	26	8	12	1	3	14	4	23	3
2018	마포구	망원1동	102	100	51	37	43	42	10	34	77	17	18	23	13	9	15	10	11	8	16	2
2018	마포구	망원2동	79	98	42	32	28	60	13	21	46	16	12	16	19	7	9	10	10	4	13	3
2018	마포구	연남동	107	42	48	36	111	44	8	24	152	10	8	26	9	7	-	4	29	1	34	1
2018	마포구	성산1동	70	68	45	8	17	22	13	18	38	13	12	25	6	14	-	4	8	3	8	3
2018	마포구	성산2동	95	140	62	74	20	44	22	30	37	23	2	26	15	12	28	9	9	6	10	1
2018	마포구	상암동	248	95	67	16	43	33	31	44	125	17	6	42	21	1	3	6	23	6	24	3
2018	마포구	도화동	137	50	59	24	68	41	16	30	46	18	21	19	16	2	9	6	14	4	7	2
2018	마포구	서강동	131	47	74	33	80	67	12	26	98	13	2	35	14	8	1	7	14	2	26	5
2018	마포구	공덕동	206	84	116	22	65	71	36	30	57	28	16	25	21	4	17	14	16	13	11	5
2018	마포구	아현동	86	29	86	34	20	37	21	20	34	12	1	20	11	2	13	14	4	-	10	2
2018	양천구	소계	1,315	1,771	873	727	534	833	290	350	450	260	262	260	204	171	124	164	108	93	159	86
2018	양천구	목1동	181	35	67	297	59	62	12	50	87	11	21	27	10	6	2	6	18	7	22	4
2018	양천구	목2동	62	94	66	18	26	47	14	18	26	17	14	24	10	7	3	7	8	7	9	4
2018	양천구	목3동	66	79	52	40	46	58	13	23	26	18	21	14	14	5	6	12	7	9	5	6
2018	양천구	목4동	83	72	49	19	27	68	17	31	32	14	14	16	18	10	8	17	6	5	14	2
2018	양천구	신월1동	117	162	42	46	62	60	24	18	16	13	22	14	13	24	31	16	9	7	7	19
2018	양천구	신월2동	40	144	38	20	17	25	18	13	11	16	6	8	8	7	8	12	3	6	5	1
2018	양천구	신월3동	51	138	12	15	21	28	30	9	13	8	6	10	3	11	2	11	2	4	2	2
2018	양천구	신월4동	72	150	28	11	41	43	7	11	14	9	12	11	11	11	8	6	5	4	3	-
2018	양천구	신월5동	60	100	24	21	21	32	14	13	18	10	13	15	13	18	3	5	3	4	4	5
2018	양천구	신월6동	37	50	24	7	12	12	7	5	3	4	9	4	1	2	3	5	-	4	2	2
2018	양천구	신월7동	77	184	33	26	20	45	20	10	14	12	19	9	18	9	5	8	7	8	6	5
2018	양천구	신정1동	88	24	68	29	39	43	6	20	32	13	17	9	10	17	7	12	6	3	10	4
2018	양천구	신정2동	58	49	39	26	8	44	10	18	22	14	11	10	14	10	11	16	3	4	8	1
2018	양천구	신정3동	50	213	64	13	23	51	29	18	19	19	12	16	11	4	3	5	5	5	10	8
2018	양천구	신정6동	14	20	48	11	3	18	6	11	13	14	-	10	5	-	5	6	-	-	6	1
2018	양천구	신정7동	43	88	30	14	8	43	13	18	21	12	7	9	14	7	5	6	6	3	12	6
2018	양천구	목5동	57	22	97	34	14	46	16	30	30	27	4	19	13	-	3	7	6	3	12	4
2018	양천구	신정4동	159	147	92	80	87	108	34	34	53	29	54	35	18	23	11	7	14	10	22	12
2018	강서구	소계	2,107	2,355	1,316	1,017	932	996	384	484	731	346	358	451	262	225	138	208	181	143	214	128
2018	강서구	염창동	94	98	75	19	36	48	18	26	45	24	15	22	16	18	4	12	7	7	16	7
2018	강서구	등촌1동	109	85	65	52	32	34	10	21	48	18	16	26	14	19	3	5	8	4	11	5
2018	강서구	등촌2동	27	78	27	11	18	23	11	13	20	7	5	9	6	6	1	5	4	3	6	3
2018	강서구	등촌3동	123	106	55	257	30	46	28	37	53	17	20	22	18	14	4	13	16	9	14	6
2018	강서구	화곡본동	91	135	54	24	51	49	25	23	24	16	14	22	13	5	9	12	9	8	7	6
2018	강서구	화곡2동	26	99	24	9	13	37	18	8	10	10	4	9	3	5	3	2	3	4	2	3
2018	강서구	화곡3동	89	84	46	25	41	56	13	14	27	16	18	11	13	1	3	7	3	7	8	9
2018	강서구	화곡4동	103	118	37	44	47	58	21	25	23	15	30	15	18	9	19	21	8	6	2	8
2018	강서구	화곡6동	150	90	49	25	133	43	22	22	29	19	34	26	12	8	5	10	12	13	4	10
2018	강서구	화곡8동	79	123	69	39	32	59	14	31	17	16	11	13	15	1	11	18	6	4	10	7
2018	강서구	가양1동	377	100	264	21	116	67	20	49	143	23	22	71	22	29	3	5	35	15	21	9
2018	강서구	가양2동	27	55	18	12	6	18	6	10	5	10	4	6	5	1	4	5	2	3	6	4
2018	강서구	가양3동	17	92	12	22	2	17	10	3	8	6	-	6	3	1	1	3	4	-	3	-
2018	강서구	발산1동	90	186	80	42	23	51	27	46	46	16	6	21	16	9	22	22	7	6	12	5
2018	강서구	공항동	139	144	59	25	72	44	22	22	40	19	26	33	9	22	2	7	12	9	15	6
2018	강서구	방화1동	149	205	105	54	39	98	25	36	52	27	29	30	28	24	24	25	10	10	21	10
2018	강서구	방화2동	108	130	50	224	59	47	27	29	42	16	29	22	8	18	4	9	8	9	19	7
2018	강서구	방화3동	37	102	26	13	13	28	10	8	15	14	3	13	8	2	1	1	2	1	6	2
2018	강서구	화곡1동	202	212	116	60	144	94	37	45	49	38	56	54	23	24	8	15	20	19	16	15
2018	강서구	우장산동	70	113	85	39	25	79	20	16	35	19	16	20	12	9	7	11	5	6	15	6
2018	구로구	소계	1,766	1,691	770	793	653	725	404	367	513	261	325	308	206	135	132	166	331	97	129	78
2018	구로구	신도림동	120	80	62	140	24	45	17	24	46	16	11	25	19	7	3	7	12	5	18	2
2018	구로구	구로1동	26	76	24	5	17	21	7	11	11	12	3	9	4	5	-	8	3	2	2	3
2018	구로구	구로3동	298	57	123	39	77	54	29	52	128	20	41	58	20	5	-	4	34	13	18	5
2018	구로구	구로4동	133	87	65	87	98	67	47	38	27	21	40	17	14	4	42	18	62	8	6	9
2018	구로구	구로5동	226	114	79	235	69	42	28	42	59	27	41	28	13	10	2	6	32	10	15	7
2018	구로구	고척1동	124	113	27	85	44	43	27	21	34	11	24	14	19	10	5	8	11	13	7	7
2018	구로구	고척2동	75	130	49	42	24	55	21	22	24	19	12	19	16	15	18	14	7	3	8	2
2018	구로구	개봉2동	59	123	41	19	28	59	20	19	24	19	12	8	10	7	8	10	6	3	6	4
2018	구로구	개봉3동	54	109	36	21	24	44	16	17	20	12	7	9	12	9	4	10	2	5	6	5
2018	구로구	오류1동	73	81	28	23	30	37	16	17	18	19	17	21	13	5	7	15	5	7	4	4
2018	구로구	오류2동	81	197	46	13	12	47	22	26	23	18	7	22	18	8	11	14	6	2	8	2
2018	구로구	수궁동	63	162	32	9	13	31	20	14	21	12	9	20	14	8	3	11	5	5	7	6
2018	구로구	가리봉동	63	33	21	18	64	32	31	8	4	8	45	11	3	6	11	10	70	3	1	9
2018	구로구	구로2동	247	150	87	31	86	78	69	31	49	24	35	27	14	23	10	12	64	11	9	7
2018	구로구	개봉1동	124	179	50	26	43	70	34	25	25	23	21	20	17	13	8	19	12	7	14	6
2018	금천구	소계	1,297	1,336	593	975	445	467	304	278	391	156	214	238	142	123	89	149	173	82	71	53
2018	금천구	가산동	439	175	218	688	86	48	54	73	213	18	34	95	29	17	3	3	57	21	21	7
2018	금천구	독산1동	171	194	80	54	60	60	46	37	46	25	35	35	20	33	7	58	18	11	12	6
2018	금천구	독산2동	81	90	30	17	30	50	23	13	14	13	13	13	9	7	7	13	7	5	2	6
2018	금천구	독산3동	117	150	59	41	61	72	50	29	19	24	30	18	12	14	20	15	48	9	5	10
2018	금천구	독산4동	72	76	29	11	47	37	24	12	16	10	27	12	10	6	3	4	13	7	2	3
2018	금천구	시흥1동	240	163	78	122	94	82	39	60	44	27	48	32	26	15	36	26	19	15	17	9
2018	금천구	시흥2동	7	119	20	2	5	18	6	9	10	8	1	3	3	3	1	4	-	-	2	-
2018	금천구	시흥3동	69	110	29	6	14	14	15	11	7	3	7	10	6	15	-	6	5	4	4	1
2018	금천구	시흥4동	32	129	21	13	15	39	17	10	5	10	6	11	8	6	2	7	3	3	2	4
2018	금천구	시흥5동	69	130	29	21	33	47	30	24	17	18	13	9	19	7	10	13	3	7	4	7
2018	영등포구	소계	2,595	2,191	955	1,073	795	669	499	394	879	263	385	432	195	211	152	139	551	136	169	81
2018	영등포구	여의도동	651	34	117	81	111	46	72	77	284	16	14	73	32	6	10	4	63	16	48	4
2018	영등포구	당산1동	216	65	68	13	103	50	16	25	63	17	42	30	13	14	7	7	16	9	7	4
2018	영등포구	당산2동	157	55	85	15	44	38	19	24	61	25	13	35	12	3	4	6	14	12	14	2
2018	영등포구	양평1동	122	1,081	41	12	28	24	18	18	37	14	6	18	6	24	2	4	12	4	9	2
2018	영등포구	양평2동	137	89	48	6	30	22	16	18	57	14	12	29	7	23	3	9	13	5	13	2
2018	영등포구	신길1동	79	60	41	35	33	46	28	15	23	23	23	17	9	4	7	7	15	8	6	7
2018	영등포구	신길3동	60	72	34	43	17	38	20	12	13	14	11	10	8	6	10	9	6	4	3	5
2018	영등포구	신길4동	21	38	22	5	9	22	12	7	6	8	3	6	6	3	1	1	6	2	-	-
2018	영등포구	신길5동	26	58	15	4	15	15	16	6	9	8	11	5	4	6	1	1	21	2	-	1
2018	영등포구	신길6동	93	59	73	14	17	39	22	14	34	15	21	12	8	20	4	7	6	2	3	3
2018	영등포구	신길7동	34	30	35	4	13	17	8	11	19	3	6	12	6	5	4	4	5	2	6	1
2018	영등포구	대림1동	68	51	39	30	32	37	24	15	14	8	17	14	10	8	21	10	22	2	4	3
2018	영등포구	대림2동	69	50	44	40	67	64	30	7	13	12	44	19	6	3	13	14	181	9	4	14
2018	영등포구	대림3동	103	153	54	12	69	53	31	22	22	16	65	23	9	21	4	9	77	13	4	10
2018	영등포구	영등포본동	80	89	42	218	25	28	34	21	29	12	19	21	8	3	9	10	27	4	6	5
2018	영등포구	영등포동	410	42	109	474	102	58	82	53	110	24	56	64	26	23	36	23	38	27	24	11
2018	영등포구	도림동	54	95	31	13	24	39	25	8	13	19	13	12	11	19	3	3	12	3	5	4
2018	영등포구	문래동	215	70	57	54	56	33	26	41	72	15	9	32	14	20	13	11	17	12	13	3
2018	동작구	소계	1,334	987	868	386	537	654	246	360	526	252	205	297	204	77	118	126	139	77	156	87
2018	동작구	노량진2동	91	36	38	20	31	26	24	30	32	10	17	16	12	-	4	6	11	3	5	6
2018	동작구	상도1동	106	84	84	26	54	62	18	41	63	21	17	42	29	16	8	11	12	11	19	13
2018	동작구	상도2동	86	65	88	40	24	52	15	24	27	15	15	19	12	6	9	12	7	6	14	4
2018	동작구	상도3동	57	94	40	39	19	49	13	15	16	14	12	12	11	1	8	9	6	4	6	7
2018	동작구	상도4동	49	119	32	15	23	42	16	16	23	15	11	14	11	2	8	11	3	2	2	2
2018	동작구	사당1동	167	69	84	40	74	49	15	20	50	19	34	26	13	5	6	10	11	9	14	5
2018	동작구	사당3동	57	63	44	9	12	33	9	11	23	13	5	12	10	9	6	8	2	1	4	1
2018	동작구	사당4동	27	54	22	18	11	34	10	17	9	16	9	8	7	-	15	9	2	2	8	3
2018	동작구	사당5동	24	44	21	2	3	24	8	6	13	7	1	4	4	5	2	4	2	1	-	1
2018	동작구	대방동	75	83	62	24	37	40	21	29	34	22	12	31	18	12	5	5	11	5	15	5
2018	동작구	신대방1동	60	45	45	30	21	49	20	18	16	18	10	9	11	5	10	10	14	2	6	5
2018	동작구	신대방2동	102	44	57	7	19	37	12	22	38	13	9	24	6	7	2	1	9	7	12	3
2018	동작구	흑석동	143	60	118	34	71	54	25	38	56	22	9	21	17	3	10	10	17	9	21	7
2018	동작구	노량진1동	157	70	67	17	48	51	24	49	91	26	16	38	21	3	6	7	16	8	17	19
2018	동작구	사당2동	133	57	66	65	90	52	16	24	35	21	28	21	22	3	19	13	16	7	13	6
2018	관악구	소계	1,870	1,918	987	739	848	890	347	451	568	350	339	400	276	162	139	179	187	98	127	122
2018	관악구	보라매동	87	73	41	177	28	55	15	30	23	15	16	20	15	2	8	11	9	5	9	2
2018	관악구	청림동	16	35	24	6	10	22	7	8	12	10	2	6	4	1	4	3	2	-	4	2
2018	관악구	행운동	98	59	69	50	32	64	13	27	35	26	16	27	21	5	7	11	5	3	7	6
2018	관악구	낙성대동	146	26	36	4	80	26	12	21	64	9	25	19	11	10	1	4	19	7	8	3
2018	관악구	중앙동	83	45	52	17	37	36	8	10	29	12	8	17	11	10	-	3	4	2	5	3
2018	관악구	인헌동	82	74	47	29	25	39	12	29	27	21	17	18	16	3	15	10	6	4	7	4
2018	관악구	남현동	74	39	29	23	55	30	7	14	20	13	14	17	9	7	3	6	8	3	7	2
2018	관악구	서원동	145	54	33	82	103	34	18	29	35	11	29	24	13	6	-	6	10	9	9	6
2018	관악구	신원동	69	53	34	19	26	37	15	20	11	12	11	9	13	3	19	17	5	2	5	4
2018	관악구	서림동	60	62	34	8	18	27	20	13	21	18	6	20	11	4	2	6	6	4	2	9
2018	관악구	신사동	82	65	83	21	37	69	19	31	15	24	22	24	12	14	12	16	15	6	6	8
2018	관악구	신림동	168	26	99	54	110	58	17	24	50	21	47	33	14	6	5	6	10	8	3	18
2018	관악구	난향동	12	57	14	3	5	15	7	5	4	7	2	6	6	-	2	4	2	1	2	1
2018	관악구	조원동	137	476	58	44	69	45	27	12	33	16	33	20	15	28	8	10	32	5	4	7
2018	관악구	대학동	155	58	44	6	56	47	26	54	69	20	28	31	21	-	1	5	16	11	10	22
2018	관악구	은천동	121	109	59	24	30	54	19	26	27	21	16	22	22	22	4	13	8	7	12	3
2018	관악구	성현동	21	95	35	11	8	36	10	11	12	10	1	9	6	7	3	4	5	2	3	2
2018	관악구	청룡동	146	62	93	75	59	68	21	32	46	26	23	35	21	5	9	11	12	10	9	10
2018	관악구	난곡동	37	146	26	10	13	45	28	20	6	17	8	17	12	8	6	7	4	3	6	7
2018	관악구	삼성동	57	134	33	26	18	29	22	12	6	19	5	7	7	7	23	12	4	2	2	1
2018	관악구	미성동	74	170	44	50	29	54	24	23	23	22	10	19	16	14	7	14	5	4	7	2
2018	서초구	소계	2,423	491	1,409	1,186	561	684	282	481	1,133	298	294	432	195	199	48	110	208	137	250	67
2018	서초구	서초1동	160	10	86	29	18	46	17	31	102	19	14	31	15	21	1	6	15	11	17	7
2018	서초구	서초2동	190	11	121	24	31	48	17	36	100	17	14	33	19	4	-	5	18	10	13	3
2018	서초구	서초3동	413	38	169	33	106	54	24	48	188	29	55	60	17	19	1	7	36	25	32	8
2018	서초구	서초4동	160	3	108	52	57	44	15	37	80	18	16	29	13	1	5	9	13	10	16	2
2018	서초구	잠원동	157	18	96	17	50	32	16	28	50	22	24	27	15	4	2	6	13	5	10	3
2018	서초구	반포본동	27	-	31	68	13	22	11	14	21	7	1	6	7	4	6	6	4	1	5	-
2018	서초구	반포1동	95	26	100	37	35	47	14	24	48	25	11	26	12	7	3	4	6	4	8	7
2018	서초구	반포2동	8	2	43	9	-	19	5	10	11	6	-	7	1	-	5	5	2	-	4	-
2018	서초구	반포3동	39	2	78	98	5	19	11	19	17	4	7	5	11	3	2	3	4	1	6	3
2018	서초구	반포4동	152	12	30	593	22	31	28	55	90	13	9	30	5	4	5	4	19	4	46	4
2018	서초구	방배본동	89	16	52	38	31	49	12	17	43	16	17	16	7	9	1	7	6	3	15	4
2018	서초구	방배1동	110	21	60	28	26	46	14	22	47	14	24	16	8	3	2	10	13	7	7	9
2018	서초구	방배2동	147	41	83	23	41	38	11	19	46	17	19	22	10	11	2	10	13	8	10	2
2018	서초구	방배3동	36	36	44	11	6	26	15	13	23	15	-	15	4	7	-	4	3	2	5	-
2018	서초구	방배4동	106	30	111	24	16	64	13	26	48	21	8	19	9	27	5	4	7	8	17	2
2018	서초구	양재1동	208	94	77	37	51	52	26	34	110	30	27	42	17	28	4	11	21	16	21	7
2018	서초구	양재2동	291	81	94	62	52	42	25	43	90	21	46	37	22	47	2	8	13	22	15	5
2018	서초구	내곡동	35	50	26	3	1	5	8	5	19	4	2	11	3	-	2	1	2	-	3	1
2018	강남구	소계	3,710	579	2,252	1,728	846	1,270	375	653	1,804	412	318	780	295	183	86	125	344	174	343	110
2018	강남구	신사동	222	20	65	268	75	94	13	41	139	17	22	38	16	3	4	8	30	7	34	5
2018	강남구	논현1동	300	30	141	78	110	107	24	41	115	38	36	62	18	8	10	18	23	13	12	10
2018	강남구	논현2동	318	18	106	66	72	71	22	54	145	29	19	57	15	16	1	5	27	12	30	6
2018	강남구	삼성1동	244	20	72	225	38	30	18	28	108	10	17	51	14	7	2	4	29	12	24	3
2018	강남구	삼성2동	151	22	171	30	40	63	17	30	82	24	9	51	17	13	4	6	14	7	19	3
2018	강남구	대치1동	47	2	88	21	4	28	10	23	25	9	6	18	10	2	1	7	3	2	12	5
2018	강남구	대치4동	232	16	156	62	49	85	19	54	122	24	28	50	25	10	5	6	26	14	25	8
2018	강남구	역삼1동	859	38	453	221	178	178	50	113	404	60	83	149	56	18	4	5	67	42	50	29
2018	강남구	역삼2동	172	18	174	27	12	37	23	23	110	27	10	42	16	8	6	7	20	10	11	6
2018	강남구	도곡1동	73	33	67	27	14	31	8	17	44	12	2	23	8	10	2	1	4	4	9	2
2018	강남구	도곡2동	78	1	72	35	23	25	13	13	43	12	11	20	4	8	2	5	12	5	13	2
2018	강남구	개포1동	8	29	19	3	-	9	4	2	4	4	-	2	-	1	2	1	1	-	-	-
2018	강남구	개포4동	92	51	48	22	14	30	7	19	32	14	14	24	10	27	2	4	7	9	6	4
2018	강남구	일원본동	15	10	38	7	3	25	13	7	11	12	-	9	2	1	4	3	1	-	6	1
2018	강남구	일원1동	79	57	22	10	27	28	13	14	21	11	21	11	9	11	7	6	4	7	3	8
2018	강남구	일원2동	27	12	30	13	5	10	5	8	9	7	-	5	2	-	-	3	4	-	3	1
2018	강남구	수서동	89	33	44	7	13	20	8	13	30	9	4	15	9	-	-	2	8	2	9	2
2018	강남구	세곡동	68	112	63	3	10	25	23	16	34	15	2	18	15	13	1	9	4	1	6	2
2018	강남구	압구정동	206	5	81	321	71	139	23	49	111	18	11	42	13	2	5	3	21	6	28	6
2018	강남구	청담동	187	12	115	147	48	148	17	38	100	26	6	49	12	10	5	8	20	5	27	2
2018	강남구	대치2동	198	21	139	129	26	60	36	39	100	24	9	36	16	12	14	10	17	11	13	4
2018	강남구	개포2동	45	19	88	6	14	27	9	11	15	10	8	8	8	3	5	4	2	5	3	1
2018	송파구	소계	2,588	2,809	1,631	1,644	798	1,119	367	598	1,048	401	553	488	320	236	110	196	194	148	274	104
2018	송파구	풍납1동	59	81	24	12	16	31	10	13	8	11	11	7	6	5	8	8	3	1	4	3
2018	송파구	풍납2동	47	63	43	21	15	32	13	12	22	20	11	13	15	6	3	5	3	2	4	4
2018	송파구	거여1동	43	91	22	10	14	33	7	11	17	9	13	11	6	7	6	7	3	6	2	4
2018	송파구	거여2동	41	87	34	8	15	27	9	9	11	14	11	8	9	4	3	8	2	3	5	4
2018	송파구	마천1동	68	186	45	12	30	37	15	13	10	13	10	12	5	5	3	10	2	5	2	3
2018	송파구	마천2동	84	171	30	51	28	44	19	16	17	12	11	8	10	6	9	16	6	5	8	3
2018	송파구	방이1동	108	44	34	27	24	40	6	16	50	13	16	17	7	12	-	2	6	6	12	1
2018	송파구	방이2동	237	82	79	28	113	46	14	34	59	22	59	33	22	14	6	9	24	20	12	9
2018	송파구	오륜동	14	3	22	68	2	12	9	7	11	5	-	6	3	2	2	2	2	-	4	1
2018	송파구	오금동	113	169	73	27	33	57	24	20	62	28	17	26	20	38	3	11	8	9	13	7
2018	송파구	송파1동	107	447	62	33	53	67	11	20	85	20	31	24	13	10	3	7	11	11	21	5
2018	송파구	송파2동	26	34	46	22	6	35	14	36	21	11	1	9	8	4	3	10	3	-	11	3
2018	송파구	석촌동	183	104	158	41	60	78	24	32	64	28	59	39	24	15	5	14	10	12	15	5
2018	송파구	삼전동	127	103	79	20	40	76	15	30	46	27	23	29	23	23	2	13	11	13	13	9
2018	송파구	가락본동	235	66	87	37	68	55	16	38	66	19	133	35	23	19	6	4	10	17	15	9
2018	송파구	가락1동	62	6	23	1	10	-	15	2	3	-	-	2	1	3	2	2	-	-	1	-
2018	송파구	가락2동	88	93	71	44	27	71	24	20	38	22	31	14	14	15	4	9	9	6	12	9
2018	송파구	문정1동	78	63	62	77	10	49	12	14	29	14	22	13	13	16	-	8	7	5	5	-
2018	송파구	문정2동	236	32	181	350	33	47	15	54	149	17	5	55	19	5	2	4	20	2	18	5
2018	송파구	장지동	66	147	57	6	26	44	15	14	29	16	14	18	14	11	2	10	6	5	7	3
2018	송파구	위례동	32	47	50	16	5	27	7	18	19	4	-	12	11	-	3	5	5	-	11	1
2018	송파구	잠실본동	312	48	93	43	153	88	16	52	73	29	72	44	34	14	17	7	16	16	18	14
2018	송파구	잠실4동	11	21	53	9	3	22	9	7	7	10	-	7	3	-	4	9	1	1	4	2
2018	송파구	잠실6동	136	578	38	206	10	34	15	45	85	9	3	21	8	1	4	2	18	3	19	-
2018	송파구	잠실7동	5	3	14	13	-	9	8	3	5	5	-	3	1	-	2	4	2	-	2	-
2018	송파구	잠실2동	25	15	63	52	1	28	9	20	18	9	-	11	4	-	5	7	-	-	12	-
2018	송파구	잠실3동	45	25	88	410	3	30	16	42	44	14	-	11	4	1	3	3	6	-	24	-
2018	강동구	소계	1,826	2,114	1,051	936	703	898	306	412	559	294	264	321	204	199	177	170	126	128	196	97
2018	강동구	강일동	33	176	29	3	4	24	9	11	10	14	3	16	7	4	-	5	2	2	10	4
2018	강동구	상일동	71	106	42	4	16	14	15	8	19	11	9	10	8	5	2	3	10	3	2	2
2018	강동구	명일1동	113	77	55	82	38	69	16	45	49	14	23	15	12	8	31	13	9	12	14	6
2018	강동구	명일2동	45	32	36	42	7	27	11	28	22	10	6	9	6	4	1	5	1	5	13	9
2018	강동구	고덕1동	30	84	54	8	15	27	9	11	15	12	3	8	6	5	4	4	3	2	9	1
2018	강동구	고덕2동	47	87	37	9	11	13	12	3	6	3	6	5	9	10	7	6	4	4	1	1
2018	강동구	암사2동	54	72	38	12	13	27	9	6	18	8	6	9	6	5	2	2	4	3	6	3
2018	강동구	암사3동	18	69	22	14	4	23	8	6	7	6	-	4	2	4	4	6	-	-	4	-
2018	강동구	천호1동	77	171	55	37	31	70	22	19	21	24	6	20	16	11	6	10	4	4	8	4
2018	강동구	천호3동	114	129	79	106	60	56	31	29	30	21	13	23	21	7	7	10	8	8	11	10
2018	강동구	성내1동	122	97	51	14	36	31	12	28	62	16	12	19	5	18	2	4	11	8	9	1
2018	강동구	성내2동	144	99	83	22	55	76	19	31	41	20	25	23	21	16	14	10	11	11	26	9
2018	강동구	성내3동	184	92	100	53	77	80	13	40	60	22	31	27	19	19	19	19	14	18	22	12
2018	강동구	둔촌1동	-	1	-	-	-	-	2	-	-	-	-	2	-	-	-	-	-	-	-	-
2018	강동구	둔촌2동	101	140	66	21	31	62	15	18	38	18	16	17	11	15	3	8	6	7	7	8
2018	강동구	암사1동	131	225	64	38	49	82	27	30	29	24	26	25	14	13	23	16	8	9	16	8
2018	강동구	천호2동	281	191	96	415	118	91	41	41	67	33	35	39	14	25	22	23	15	12	16	9
2018	강동구	길동	261	266	144	56	138	126	35	58	65	38	44	50	27	30	30	26	16	20	22	10